1980  1 338.377502
1980  2 338.565002
1980  3 339.360001
1980  4 339.517494
1980  5 339.784996
1980  6 339.807510
1980  7 338.209999
1980  8 336.467499
1980  9 336.012505
1980 10 337.740005
1980 11 338.627502
1980 12 339.707497
1981  1 340.110001
1981  2 340.860001
1981  3 340.877495
1981  4 341.747498
1981  5 342.019997
1981  6 341.444992
1981  7 339.355003
1981  8 337.245003
1981  9 337.379997
1981 10 338.657501
1981 11 339.909996
1981 12 340.937500
1982  1 341.752502
1982  2 342.387505
1982  3 342.625000
1982  4 342.867508
1982  5 343.187500
1982  6 342.482498
1982  7 340.707504
1982  8 338.567497
1982  9 338.144997
1982 10 339.227501
1982 11 340.517509
1982 12 341.430000
1983  1 342.242493
1983  2 342.447502
1983  3 342.917496
1983  4 343.605003
1983  5 345.299998
1983  6 344.027504
1983  7 342.397499
1983  8 340.295006
1983  9 340.145004
1983 10 341.552505
1983 11 343.422493
1983 12 343.772499
1984  1 345.240005
1984  2 345.562500
1984  3 345.527504
1984  4 345.980003
1984  5 346.084999
1984  6 345.482498
1984  7 343.687492
1984  8 341.682495
1984  9 341.812500
1984 10 342.777504
1984 11 343.924995
1984 12 345.400009
1985  1 345.805000
1985  2 346.052505
1985  3 346.649994
1985  4 347.080002
1985  5 347.657494
1985  6 346.822502
1985  7 345.162498
1985  8 343.204994
1985  9 343.002502
1985 10 344.010002
1985 11 345.567505
1985 12 346.729996
1986  1 347.165001
1986  2 347.742500
1986  3 348.257500
1986  4 348.570000
1986  5 348.767494
1986  6 348.437500
1986  7 346.532501
1986  8 344.585007
1986  9 344.767502
1986 10 345.692497
1986 11 346.940002
1986 12 347.829994
1987  1 348.677498
1987  2 348.860001
1987  3 349.392502
1987  4 349.739990
1987  5 350.412498
1987  6 349.847496
1987  7 348.380005
1987  8 346.227501
1987  9 345.942497
1987 10 347.949997
1987 11 348.789993
1987 12 349.974998
1988  1 350.847504
1988  2 351.612495
1988  3 351.872498
1988  4 352.802505
1988  5 352.447502
1988  6 352.004997
1988  7 350.304993
1988  8 348.517502
1988  9 348.525002
1988 10 349.947510
1988 11 351.520004
1988 12 352.722496
1989  1 353.967499
1989  2 353.517502
1989  3 353.920006
1989  4 354.414993
1989  5 354.487503
1989  6 353.812508
1989  7 351.957497
1989  8 349.877502
1989  9 349.875000
1989 10 351.272499
1989 11 352.857498
1989 12 353.895004
1990  1 354.557495
1990  2 355.000000
1990  3 356.253326
1990  4 356.370005
1990  5 355.470001
1990  6 354.570007
1990  7 352.610001
1990  8 351.180000
1990  9 351.034988
1990 10 352.500000
1990 11 354.117500
1990 12 355.022491
1991  1 355.797501
1991  2 356.280006
1991  3 356.394997
1991  4 356.789993
1991  5 356.914993
1991  6 356.275002
1991  7 354.445000
1991  8 352.345001
1991  9 352.192497
1991 10 353.892494
1991 11 355.220001
1991 12 356.195007
1992  1 356.580002
1992  2 356.857498
1992  3 357.237503
1992  4 357.575005
1992  5 357.860001
1992  6 357.327499
1992  7 355.162498
1992  8 353.249992
1992  9 352.907501
1992 10 354.565002
1992 11 355.599991
1992 12 356.925003
1993  1 357.542503
1993  2 357.412506
1993  3 358.202499
1993  4 358.114998
1993  5 358.340004
1993  6 357.727509
1993  7 355.147491
1993  8 354.065002
1993  9 353.917496
1993 10 355.049995
1993 11 356.689995
1993 12 357.584999
1994  1 358.385002
1994  2 359.130005
1994  3 359.615005
1994  4 359.825005
1994  5 359.815002
1994  6 359.389999
1994  7 357.282501
1994  8 355.527512
1994  9 355.537491
1994 10 357.227501
1994 11 358.735001
1994 12 360.052498
1995  1 360.345001
1995  2 361.162498
1995  3 361.459991
1995  4 361.885010
1995  5 361.912498
1995  6 361.360008
1995  7 359.279991
1995  8 357.467499
1995  9 358.025002
1995 10 359.030006
1995 11 360.964996
1995 12 362.072502
1996  1 362.500000
1996  2 363.049995
1996  3 363.310005
1996  4 363.252495
1996  5 363.847496
1996  6 363.394997
1996  7 361.562508
1996  8 359.785004
1996  9 359.007500
1996 10 360.729996
1996 11 361.969994
1996 12 363.042503
1997  1 363.905006
1997  2 364.147499
1997  3 364.240005
1997  4 364.777496
1997  5 364.764999
1997  6 363.970001
1997  7 362.087494
1997  8 360.172501
1997  9 360.494995
1997 10 361.783325
1997 11 363.937492
1997 12 364.754990
1998  1 365.402496
1998  2 365.762497
1998  3 366.219994
1998  4 366.715004
1998  5 368.226664
1998  6 367.509989
1998  7 365.070000
1998  8 363.427498
1998  9 363.900009
1998 10 365.362495
1998 11 366.710007
1998 12 368.139999
1999  1 368.739998
1999  2 368.939995
1999  3 368.992500
1999  4 369.610001
1999  5 369.730003
1999  6 369.255005
1999  7 366.517494
1999  8 364.684998
1999  9 364.640007
1999 10 366.202499
1999 11 368.017502
1999 12 368.997498
2000  1 369.999992
2000  2 370.397507
2000  3 370.224998
2000  4 370.644997
2000  5 370.642494
2000  6 369.817497
2000  7 367.959999
2000  8 366.459999
2000  9 366.802498
2000 10 368.322495
2000 11 369.429993
2000 12 370.199997
2001  1 371.127502
2001  2 371.605003
2001  3 371.792496
2001  4 372.212502
2001  5 372.242508
2001  6 371.797501
2001  7 369.932495
2001  8 367.685005
2001  9 368.010002
2001 10 369.352493
2001 11 371.177498
2001 12 372.130005
2002  1 373.022499
2002  2 373.149994
2002  3 373.875000
2002  4 374.205002
2002  5 374.242500
2002  6 373.482498
2002  7 371.825005
2002  8 369.774994
2002  9 370.347496
2002 10 371.382500
2002 11 372.603343
2002 12 374.572502
2003  1 375.087502
2003  2 375.639999
2003  3 376.212502
2003  4 376.630005
2003  5 376.857506
2003  6 376.342499
2003  7 374.027496
2003  8 372.780006
2003  9 372.855003
2003 10 374.102501
2003 11 375.742500
2003 12 376.977501
2004  1 377.352501
2004  2 377.939995
2004  3 378.092499
2004  4 378.782494
2004  5 378.834999
2004  6 377.935005
2004  7 375.945000
2004  8 374.080002
2004  9 374.142509
2004 10 375.829994
2004 11 377.504997
2004 12 378.330002
2005  1 379.320000
2005  2 379.540009
2005  3 379.972504
2005  4 380.557503
2005  5 380.422501
2005  6 380.190002
2005  7 378.282494
2005  8 376.349998
2005  9 376.392502
2005 10 377.980003
2005 11 379.417496
2005 12 380.907501
2006  1 381.587502
2006  2 381.955002
2006  3 382.144989
2006  4 382.657501
2006  5 383.122505
2006  6 382.282501
2006  7 380.240005
2006  8 378.210007
2006  9 378.407501
2006 10 379.950005
2006 11 381.377502
2006 12 382.622498
2007  1 383.324997
2007  2 383.812500
2007  3 384.272499
2007  4 384.832504
2007  5 384.832504
2007  6 384.029999
2007  7 381.610001
2007  8 379.984993
2007  9 380.465004
2007 10 381.730003
2007 11 383.432503
2007 12 384.759995
2008  1 385.720001
2008  2 386.157494
2008  3 386.280006
2008  4 386.575005
2008  5 387.035004
2008  6 386.087494
2008  7 383.837502
2008  8 381.805000
2008  9 382.205002
2008 10 383.544998
2008 11 385.360001
2008 12 386.464996
2009  1 387.417496
2009  2 387.540001
2009  3 388.034996
2009  4 388.472504
2009  5 388.432495
2009  6 387.587502
2009  7 385.487495
2009  8 383.394997
2009  9 383.579994
2009 10 384.992500
2009 11 386.440002
2009 12 387.817497
2010  1 388.785004
2010  2 389.122505
2010  3 389.555008
2010  4 390.369995
2010  5 391.379995
2010  6 389.622505
2010  7 387.579994
2010  8 386.039993
2010  9 386.445000
2010 10 387.707504
2010 11 389.417496
2010 12 390.882500
2011  1 391.807503
2011  2 391.594994
2011  3 391.857498
2011  4 393.120005
2011  5 392.287498
2011  6 391.417503
2011  7 389.302498
2011  8 387.382507
2011  9 388.042496
2011 10 389.457504
2011 11 391.522491
2011 12 392.514999
2012  1 393.389999
2012  2 393.494995
2012  3 393.654999
2012  4 394.340004
2012  5 394.520004
2012  6 393.339996
2012  7 391.035004
2012  8 389.702507
2012  9 390.064995
2012 10 391.862495
2012 11 393.877502
2012 12 394.902496
2013  1 395.437500
2013  2 396.324997
2013  3 396.437508
2013  4 396.879997
2013  5 397.485001
2013  6 396.419998
2013  7 394.275009
2013  8 392.895004
2013  9 392.792503
2013 10 394.484993
2013 11 396.177498
2013 12 397.430000
2014  1 397.767502
2014  2 398.349998
2014  3 398.785004
2014  4 399.074997
2014  5 399.275009
2014  6 398.737503
2014  7 396.702499
2014  8 394.562492
2014  9 394.474998
2014 10 395.830009
2014 11 398.007500
2014 12 399.254997
2015  1 400.072495
2015  2 400.617493
2015  3 400.974998
2015  4 401.362511
2015  5 401.502502
2015  6 400.342499
2015  7 398.105003
2015  8 396.639999
2015  9 396.902512
2015 10 398.345001
2015 11 400.677505
2015 12 402.192497
2016  1 402.672501
2016  2 403.102501
2016  3 403.742500
2016  4 404.655006
2016  5 404.845001
2016  6 403.935005
2016  7 401.264992
2016  8 399.930000
2016  9 400.347504
2016 10 402.587502
2016 11 403.615005
2016 12 405.099998
2017  1 405.952499
2017  2 406.857506
2017  3 406.737495
2017  4 407.105003
2017  5 407.217506
2017  6 406.315002
2017  7 404.154999
2017  8 402.242500
2017  9 402.455002
2017 10 404.092499
2017 11 406.112495
2017 12 407.025002
2018  1 407.942505
2018  2 408.192490
2018  3 408.769997
2018  4 409.389992
2018  5 409.432495
2018  6 408.854996
2018  7 406.312508
2018  8 404.815010
2018  9 404.764999
2018 10 406.269997
2018 11 408.455002
2018 12 409.572495
2019  1 410.490005
2019  2 410.944992
2019  3 411.205009
2019  4 411.679993
2019  5 411.964996
2019  6 411.069992
2019  7 408.439995
2019  8 407.305000
2019  9 407.855011
2019 10 409.242500
2019 11 411.027496
2019 12 412.160004
2020 1 411.8164883
2020 2 411.9963324
2020 3 412.1761766
2020 4 412.3560208
2020 5 412.5358649
2020 6 412.7157091
2020 7 412.8955532
2020 8 413.0753974
2020 9 413.2552416
2020 10 413.4350857
2020 11 413.6149299
2020 12 413.794774
2021 1 413.9746182
2021 2 414.1544624
2021 3 414.3343065
2021 4 414.5141507
2021 5 414.6939948
2021 6 414.873839
2021 7 415.0536831
2021 8 415.2335273
2021 9 415.4133715
2021 10 415.5932156
2021 11 415.7730598
2021 12 415.9529039
